0.03176307842703163
0.7706087753227876
0.1038641208958474
0.8027600109684006
0.49669144201601745
0.5788826401189968
0.018931791879275628
0.8410709271159422
0.7954061938719484
0.5830169842823661
0.2941227865818774
0.23774351980212705
0.27261731846941495
0.7353211241405926
0.9519546138119356
0.7464530841029752
0.7463765789744663
0.6920813034125465
0.15821660982402808
0.6572003274659192
0.605617900230455
0.19593122983734734
0.17717485651755638
0.8548013304139549
0.6233700145717621
0.7254164842064806
0.39823878020994663
0.32274810271534105
0.6828159508807228
0.880655406002733
0.05948600344950117
0.7747214840148915
0.6963807248854171
0.1898190299868111
0.4545753722205562
0.5149828121322535
0.4872873374225569
0.8932238480210648
0.476959982109015
0.2040668129132306
0.2985283756852968
0.7901502325173083
0.32894608562048233
0.9376430194748133
0.8959585841308589
0.41807097600812637
0.10302501678944986
0.9341084046454785
0.9402215048421583
0.6747937772943344
0.7290396342472635
0.17041931663120924
0.41648138207574237
0.4910920954848529
0.4731285081807304
0.5058662444345524
0.4314385519738253
0.3147193920250797
0.7730243175361585
0.18993979537127703
0.6138655954125377
0.9762716424478598
0.6991658783648634
0.1631321663933879
0.6879078960336357
0.9731835992922977
0.7422154751332217
0.22846324767581172
0.5276515493017306
0.3302144482282181
0.944956844999231
0.9967160097893971
0.1469679706884507
0.9730990404619078
0.6201809326281607
0.4898111155964332
0.6304034013256709
0.9866108672087172
0.026050338889956892
0.4244460329875994
0.9688889333901595
0.2191034690860899
0.40656557996610443
0.49206921532414727
0.12830431420940402
0.44266734435204724
0.7471391785747936
0.4014550884503729
0.4494369356362248
0.6813595455821156
0.4439166450552148
0.05659112813738798
0.6546350901514316
0.37953354128162675
0.840365976888143
0.0052836635657130815
0.31946229895984957
0.7981171945412151
0.2457904092484947
0.21283378371878525
0.6569173198478796
0.39875733709718364
0.617801370775917
0.2903310448127855
0.8572928602121488
0.0040690380495297385
0.5644222624928542
0.5385569124446046
0.02850229673394622
0.206798815216236
0.7013757587602059
0.5561859261034979
0.9897138577321297
0.8415307185295194
0.6862405840534673
0.7049176446447444
0.785386965592949
0.3296347237869357
0.4435461216091988
0.42436759214900754
0.8073153909988685
0.36147727268438357
0.19350656267331623
0.24599116602743465
0.8390382827167092
0.6894843048965811
0.9019787306327176
0.36800904984395333
0.16998877320762096
0.7714664834347723
0.6803603899218946
0.8222490276414902
0.16600705560192042
0.625688240891585
0.4815293564117079
0.5890132459679106
0.32835318934386515
0.5374808557180897
0.1615556053168371
0.4975262356370981
0.9251124531017217
0.19177142676868963
0.6068021176581758
0.3872138112520803
0.7368935992174056
0.3967192100948883
0.16216270497528185
0.7990082796137369
0.3229788575141519
0.8107211902933419
0.03856796461572698
0.41607120834039313
0.48459155880085536
0.9883693686693023
0.7265231441782217
0.5797694408830474
0.2787057950412902
0.6205121232904398
0.6973246594035111
0.46943614837613246
0.018829742872433664
0.05939283041047272
0.8347351063749715
0.9533937406009244
0.1884524447374033
0.0919086465744623
0.10727867401902547
0.693910639653195
0.08835170074636534
0.45235312644874903
0.9649523552755223
0.8202094295123972
0.34071800627228943
0.7505767178333526
0.8240310844694156
0.37133898754851125
0.08105815708204045
0.3323187300818782
0.7897771774794594
0.754668818847823
0.7830990764508511
0.08553591669187788
0.4592481425170497
0.6659589825148727
0.18242086056399842
0.3598719512946438
0.2450289036525708
0.2734040039366714
0.691305411672635
0.9759830256961893
0.16559794040733
0.9807452600745623
0.03029532969679971
0.7672551450125846
0.4591691572608527
0.7534904663419411
0.5412150400078558
0.2185184830063398
0.6952345280673524
0.8174757028923848
0.7919140125969077
0.5446852382101608
0.28166507300388
0.5204491433343881
0.6347504502509297
0.9868068925937067
0.3951106075707357
0.2850522355691437
0.8388404575170056
0.19386798705038133
0.3985717606171175
0.8755187195416096
0.7803565906600365
0.30570291557601303
0.7524000674996818
0.6506072622137716
0.4456666591853822
0.7557433193535524
0.27361527853688206
0.08172912447193392
0.17886230788618906
0.8718736912339926
0.3533116235606215
0.5779270601822571
0.1882338722220066
0.06949270418558073
0.40305731114114585
0.5783075362627427
0.8155063089776152
0.8029491038918103
0.36857493984321477
0.9477232235793829
0.967158900251735
0.4698400901280061
0.6226228215104698
0.9429481510246606
0.9089088224775161
0.1472312602721213
0.9288801767040948
0.4042835667689667
0.8324467405721336
0.37967751048239096
0.45477204478561195
0.3714770106806572
0.21777052578874478
0.23599394961549702
0.003552555731963447
0.023033693247327625
0.034970765981917284
0.5050467256078875
0.7345978183946184
0.694443051813947
0.25607953484385637
0.21040412917793516
0.645742925028328
0.743540334651865
0.9806020463338044
0.589507933589383
0.0026297855892934985
0.20016669077547522
0.717608135012786
0.30509594662586115
0.7174158482052629
0.4624880452390838
0.01276871574630667
0.9349269715891096
0.40282647601443944
0.7837772491259068
0.6604801461441515
0.7204288874569221
0.45741607367461645
0.9311600213278264
0.1992267719714158
0.14571237435524687
0.07403671779337517
0.19177018448561867
0.2525905485183726
0.1654613561781043
0.5058950640922381
0.8519548471088807
0.5488235938323162
0.803533213051501
0.27321152641415336
0.38161597475999476
0.12865813594873488
0.40367075037825273
0.24837858409267688
0.8184698692615016
0.33403533226008897
0.029549222442221912
0.7186476045250241
0.2659510471188189
0.6596930090731036
0.3834513885805877
0.5927565865936738
0.993682979426272
0.4450595577010822
0.14118434076271846
0.8915440226066547
0.36088289026970843
0.6856596229183534
0.785421567079136
0.5424767906866682
0.6707635293265829
0.9512442672698485
0.8604749989459779
0.2841529985628183
0.10793989786657554
0.5121170751203463
0.06857081607202598
0.17922310943625375
0.11104415013757818
0.2956345524629398
0.781024380392999
0.8328062046360294
0.8891976867122886
0.22161755004720318
0.34727892086820766
0.9183601343402927
0.3036841636419396
0.7984182319741365
0.0505938016934292
0.02409791457060928
0.0051127877738070815
0.6006444189441829
0.6812376369195191
0.15042509554394112
0.5415565132335529
0.39505171317349497
0.4763626664517141
0.4125058755372779
0.13459517799748166
0.23287103800778675
0.6103065228936243
0.6319482735912968
0.9578886862415896
0.7848471260204729
0.5098880457679017
0.5377317318318159
0.04685084151543517
0.5595217370568223
0.016334185618194774
0.23888340846779388
0.4181896375924343
0.41580234315080467
0.8187952257696003
0.4800417283996987
0.5845255078557515
0.9576159736528157
0.6439759215276077
0.945929267981568
0.41199335764534606
0.9814546393347393
0.4022304471075876
0.5418892455277672
0.1876810612211922
0.13687712298576826
0.8625393837186546
0.14502327303640672
0.8389506993385099
0.35553986481663835
0.45710724386679413
0.794100213129801
0.47813559708581277
0.4060870050375145
0.50088929649944
0.6662892284635993
0.8338005768679466
0.14023780377715733
0.45217718212206404
0.47490297831880013
0.6736985382178142
0.6096675224811305
0.83744230264558
0.11471939386362562
0.024751830660970975
0.2537852571518808
0.11695697928512339
0.48008339902136166
0.8518320024448377
0.7852705629827137
0.07728371775651888
0.3858730697848721
0.8698069528230514
0.23323809474234325
0.30254240959138834
0.43254687888798393
0.3322697523136512
0.8431574723087569
0.8984368224406595
0.47387234347224394
0.9655589305668605
0.1781634954783372
0.9213409098178146
0.0695682876180439
0.6981248221028888
0.8181493189606655
0.8993164741727037
0.934976506411189
0.4729925731657223
0.5110435239098946
0.4227538940774519
0.9360111019736657
0.22501721939601715
0.4949292045855723
0.029397811112931826
0.620016331792389
0.0548214532803748
0.9801715076570029
0.5118399243721032
0.6217971958889663
0.7377529084318974
0.4574778185332614
0.3351317775777537
0.5389694186488252
0.9688916419367395
0.5808221627297641
0.06799009592603866
0.03190814556231991
0.16408531597792586
0.8634237366775134
0.6031382807041603
0.970958036659635
0.2121837479832268
0.3204771326127358
0.4706470149501637
0.4271996493014779
0.3050905147890577
0.4940892977932322
0.7327085813375415
0.1829503430963415
0.8599441954361096
0.00388673156397068
0.7890982882753361
0.22431020368067078
0.5916875116622101
0.8810135948605731
0.9196479596534956
0.37044678588548186
0.9944773463990406
0.463749520769587
0.5433761036699079
0.7929451514917886
0.8468348324022542
0.5597338839740057
0.9834898636623256
0.6834322587894102
0.8681292017995712
0.9127906940689051
0.9932940214458617
0.7388177124353446
0.32293456993877023
0.7516063894339895
0.4201130951969092
0.4508759940426572
0.19499469741067876
0.343020685824145
0.16265211658436307
0.4105276128444175
0.533975184767323
0.024447979062547476
0.011792876454185586
0.9670596913903966
0.7158788729147443
0.14795529802468244
0.05564191236006488
0.618659320268051
0.6519443655154636
0.7327799341895767
0.07671741874617577
0.45301583161349523
0.43104414754482545
0.39357830471444466
0.7724822819478865
0.805380640768335
0.48704314194966747
0.28845486366808637
0.6900009184871623
0.05635690445469832
0.1452741961275028
0.41382813630624926
0.48131751312244486
0.1528229173478456
0.32123255077283275
0.5624484259494579
0.4582244605119158
0.0027770892484922927
0.21978607046627807
0.6563897732350168
0.4534088093914094
0.3685244441784399
0.11464400927564633
0.9685965882019514
0.679536133731204
0.2625075428522903
0.6755217527937974
0.9545728331154741
0.6186506089374703
0.1362179401673076
0.8543848238513135
0.030060064151811616
0.9713411016119917
0.34500642339955223
0.0423503019441398
0.6510576439579526
0.34844265943406694
0.4702436592783744
0.06526969786431258
0.47929711411561504
0.6976137595030131
0.08516534836486533
0.5987118311275076
0.2492899374306069
0.4229495951880151
0.4618690780025063
0.7520102246762168
0.19232570070269728
0.7778622370053869
0.5343127225576029
0.8962347983335256
0.5183060068757261
0.3897786193980519
0.1557967150428683
0.29239256721757234
0.5080566977463651
0.7097774444641813
0.3192962231300541
0.713857587475164
0.22676910562949315
0.7711072540492754
0.5451410757629502
0.05097577929544983
0.7334789149747334
0.8875969739346614
0.08292473565561242
0.8359856750349766
0.9319985354720914
0.8262917080784334
0.9231561945072275
0.7328407986623073
0.8854775540235051
0.5482159717427422
0.8690515738774964
0.29921577010760303
0.4997726850452546
0.826987699670168
0.07999481949603338
0.7469223956724277
0.9700672233799834
0.9270757027753108
0.5655800743957167
0.0021582002484854534
0.2806873414042885
0.05181466329878093
0.08278064634938409
0.09845475575207785
0.3498206882763776
0.4558611115066571
0.7686727506922505
0.8228884318338459
0.11885024396901689
0.9575946036809208
0.627274741798883
0.5800619140766309
2.746693862101246E-4
0.08403883750415375
0.681445343631296
0.638559451827293
0.6186934648110017
0.23419695193684964
0.19941751148837983
0.28102483081730567
0.7060940377052376
0.05626675945142856
0.9104269304828283
0.8917059965156529
0.345684606893231
0.7000206488727899
0.5350273608730924
0.6842555430398026
0.4977754587003712
0.7277063987722993
0.27306752646387367
0.5977718251181678
0.8867183222432383
0.2451446393186526
0.11593738076612314
0.870510457288972
0.8796719150643999
0.24926936865242066
0.9795741098777296
0.9383915528228823
0.945969074620622
0.27917817379700205
0.6908511841903392
0.5993734052063084
0.6501191388082558
0.20482917719017568
0.8023566762088978
0.8349580250875219
0.9019866561105087
0.39084190029188404
0.05919944215138406
0.2865402207406047
0.36444556829314245
0.5324296077266613
0.0963653640126676
0.14700650188952424
0.5018157621835393
0.17631128395440143
0.6062778352078555
0.14693551345262035
0.7416466746697505
0.3115209627345583
0.7835998630763453
0.3899472372595568
0.6179204864534105
0.44335349397585777
0.32794827392822423
0.02319352313397094
0.5655051466670098
0.2482552676558687
0.6650725276706781
0.11667723849544243
0.24369544945448185
0.24828891548574306
0.33318427647388127
0.6690337674939943
0.8809380985725694
0.9408720116409498
0.673506278708597
0.3576026339286328
0.1533444897257089
0.4728087013768626
0.06274175290085948
0.5070631520679638
0.5363527232922289
0.2572053055119927
0.930048769783891
0.7636032457534373
0.9019083707530897
0.8976794101561758
0.7122365836085173
0.13053542546375752
0.3727912051532246
0.4063438923423446
0.7182836848401016
0.34646991017205697
0.09122258851907716
0.9803663160869995
0.5979102936817953
0.06859946283583929
0.6106467986263315
0.5364753901637194
0.7388208436079248
0.9613464915429177
0.07758656184779378
0.7936061620496592
0.4533647113664324
0.5845676555844328
0.23473156725672084
0.9409455539921862
0.25774609432011797
0.9257073488521903
0.5469257149775923
0.8319610531449526
0.8955473669091693
0.5267354654856475
0.4284778305395649
0.20456451037968593
0.012212274961428071
0.4194018510187031
0.6332271906574165
0.6433845520401531
0.5482685423540681
0.5012834585033449
0.3580538055797471
0.8721904611093221
0.9864526472456332
0.560296900517812
0.5060309639688264
0.49283110038720956
0.5615312293380753
0.8867933458750789
0.8571752603036719
0.47162280179059535
0.42149785360921355
0.3000489947792072
0.6027572963358183
0.5149402966994491
0.5149554046658567
0.45990872932470883
0.813394104646787
0.9728352488303753
0.6718778088643265
0.5345367475913189
0.9316518454388872
0.062826998554247
0.9435778136518065
0.6516723387643415
0.3066454459121697
0.01558079387591016
0.7725895842511805
0.07348545212136437
0.12112975047507346
0.21000875715622724
0.9743084847447452
0.7040706754050378
0.8008339676685644
0.4873993846794703
0.8296127923900316
0.3638147940482158
0.14129985201824702
0.6125016489860062
0.8113250834668198
0.24631752826397268
0.9392412403396085
0.28405974169899584
0.5972535383234782
0.11124085683287466
0.873450418075436
0.18811573689756156
0.05868679856870018
0.06040738874619567
0.7445351730299239
0.3344663658465349
0.855598184378955
0.19466381819637468
0.9532773940324236
0.31998170967697737
0.11844841394716832
0.05547025364042113
0.2741625069346526
0.22206331806219703
0.4513582995159082
0.517872561786287
0.5636366896454471
0.5413394332367462
0.1525562964800974
0.7204588039540915
0.03190614847398199
0.984765759070184
0.11538791422768213
0.6930974466394567
0.10260166233325829
0.9086202232287023
0.34680734820568837
0.5746995020812093
0.6863880562347231
0.9254504947184935
0.42015439950853484
0.7009424062680795
0.9026070342548963
0.5198536244038293
0.465152153812062
0.385838661783405
0.897299383002939
0.5150369697442763
0.4904443219238117
0.921227746636619
0.4264602310640756
0.8854303500398241
0.9326236177332331
0.17471471310276998
0.30013874343188063
0.7201896945961209
0.33058518351176147
0.17927480740609214
0.6160020727295388
0.10825217421524147
0.9351724186751126
0.2766880668642122
0.9502402117716781
0.3376737940244058
0.8814647487323121
0.7021637886579968
0.3191973349256991
0.08030052710864932
0.2746903299984048
0.9789597189294753
0.7768719276556254
0.16739419268441558
0.1706288299383879
0.12949601923312049
0.9714367612056319
0.15265468295916496
0.9675028604419159
0.5034099318053531
0.8481868771166048
0.10615062565226119
0.16873901751824816
0.973191708127181
0.9568319310798337
0.9859908363813873
0.8246124051741719
0.35448806671301747
0.4978069875988086
0.4941387879326251
0.21567154655939325
0.17085477545350514
0.32528376700068173
0.5385935154646413
0.5019730412818955
0.3016850005785362
0.6138216794552108
0.2962296394950167
0.12953843600523163
0.6272357224583088
0.7911065845649153
0.3989104410850318
0.7590784035524025
0.5161194022171762
0.6409823181697508
0.9500576344029756
0.36191230822189135
0.8883239657354312
0.1889882230649108
0.9196819753864205
0.914143737405562
0.6307688476861535
0.09687359803597317
0.9629493168782038
0.8125360025946262
0.3426007068847955
0.8130679744365544
0.8606766339372721
0.7341634530736715
0.7438773396510662
0.6528434132897941
0.5897234924483162
0.16679844322526516
0.5939838149155136
0.31491363004545203
0.49706381197006444
0.24812546414940861
0.6350703075982211
0.08047200155897838
0.1733942605580009
0.869257732789124
0.9009958149896464
0.08617831282741295
0.4004547894282746
0.22166346323685504
0.713708348264287
0.6143622360019652
0.9808080497370528
0.09649285066644087
0.826686155333737
0.3017191220301031
0.34964382832930896
0.2814284252763346
0.4690110438858023
0.5320316349317861
0.6152461577719077
0.3425653818921721
0.4938393749053468
0.04895822081890311
0.07807971936323554
0.9274606179379331
0.44148205058474843
0.0016879131436523531
0.33802361759917654
0.4803721409491467
0.08999991895861947
0.21926787990380558
0.815099986116453
0.9218434469073428
0.9851665486235561
0.4986689194134356
0.8811161372369659
0.41217033301525474
0.5168451878432009
0.08716081525554309
0.8279582752035128
0.7919200950839349
0.3402727162323316
0.3413285385164586
0.5828459866265485
0.6725562582507
0.3284380206659535
0.7530668189777193
0.4216765222980383
0.4363545591861844
0.7856880430701901
0.1471494692890476
0.9286582593252042
0.5971788068552187
0.35288980426902516
0.8754770586560391
0.10375317485459468
0.07231806513609207
0.8909219885612905
0.25986439002703543
0.8290186426931166
0.9204692645713574
0.6419653868019655
0.3682374838356651
0.8707584431142686
0.012082398662504268
0.13700607683893973
0.4483667878221175
0.2164642213726936
0.9156682218782937
0.6431613216175799
0.9887722008577348
0.8238481358572908
0.007300931329296434
0.4258828962854585
0.42819228512741514
0.793838097525907
0.44043138222377654
0.7387882705919242
0.9930183813659358
0.5702271940564911
0.14925919880328897
0.24781496874130715
0.006352358551337978
0.015739509090214154
0.5012949209776394
0.5465892788626452
0.2828537966821718
0.1175941436187945
0.5633757594137973
0.5263450681298714
0.900301141610068
0.635220564794785
0.20028225750968454
0.6264247873389739
0.7217983272953807
0.21859773683073946
0.3862348396413938
0.4103388120103758
0.5318168264581473
0.3977606140959188
0.17693298893294296
0.48755583420725535
0.5447705918166003
0.37233711545393466
0.7634320235790103
0.5326412771686788
0.34657897472568133
0.7145498848634416
0.9090355275401417
0.04105673646841568
0.03768112660072964
0.9399366086242449
0.856514142825666
0.5048784702089965
0.4602226042811278
0.397113459131029
0.4853445406516712
0.8918882184435121
0.9126429996177613
0.0812266251604914
0.09729461640537207
0.6679351285848285
0.681650995347534
0.7853066758498617
0.7135645784406903
0.11516267316453654
0.054581625050059146
0.46956150756729764
0.17782561323833646
0.36764004811058193
0.21438753889880813
0.8507134109381713
0.6768810555088892
0.4111323671244288
0.5650245355385868
0.9918061426139926
0.5143080557890156
0.2751900920171997
0.586748935842338
0.10747865884220864
0.10231968120590396
0.7834321923470808
0.27885276679595206
0.8905219648062047
0.17322112799078582
0.5218444128694177
0.6116199432546718
0.4126060537879077
0.1542160632594458
0.13510791781232
0.17979475307020387
0.05538422958844469
0.4979519409933305
0.6674197220329922
0.4266117899120597
0.9877523882381272
0.5160761401248876
0.4269614771414294
0.3904442019127332
0.42086124474837416
0.9242072209981897
0.7721182050647433
0.9153848969668252
0.24454962517371404
0.8741090846649797
0.2927442967322541
